2.999999999999999889e-01 0.000000000000000000e+00
3.049999999999999933e-01 1.000000000000000048e-04
3.099999999999999978e-01 2.000000000000000096e-04
3.150000000000000022e-01 2.999999999999999737e-04
3.200000000000000067e-01 2.999999999999999737e-04
3.250000000000000111e-01 4.000000000000000192e-04
3.300000000000000155e-01 5.000000000000000104e-04
3.350000000000000200e-01 3.200000000000000153e-03
3.400000000000000244e-01 4.690000000000000419e-02
3.449999999999999734e-01 6.120000000000000440e-02
3.499999999999999778e-01 1.107999999999999957e-01
3.549999999999999822e-01 1.602000000000000091e-01
3.599999999999999867e-01 1.989999999999999825e-01
3.649999999999999911e-01 2.379000000000000004e-01
3.699999999999999956e-01 2.611999999999999877e-01
3.750000000000000000e-01 2.634000000000000230e-01
3.800000000000000044e-01 2.661999999999999922e-01
3.850000000000000089e-01 2.686999999999999944e-01
3.900000000000000133e-01 2.708999999999999742e-01
3.950000000000000178e-01 2.727999999999999869e-01
4.000000000000000222e-01 2.746000000000000107e-01
4.050000000000000266e-01 2.791000000000000147e-01
4.099999999999999756e-01 2.821000000000000174e-01
4.149999999999999800e-01 2.857999999999999985e-01
4.199999999999999845e-01 2.888999999999999901e-01
4.249999999999999889e-01 2.916000000000000258e-01
4.299999999999999933e-01 2.942000000000000171e-01
4.349999999999999978e-01 2.964999999999999858e-01
4.400000000000000022e-01 2.987000000000000210e-01
4.450000000000000067e-01 2.998999999999999999e-01
4.500000000000000111e-01 3.012000000000000233e-01
4.550000000000000155e-01 3.019999999999999907e-01
4.600000000000000200e-01 3.026000000000000356e-01
4.650000000000000244e-01 3.030999999999999805e-01
4.699999999999999734e-01 3.037000000000000255e-01
4.749999999999999778e-01 3.042000000000000259e-01
4.799999999999999822e-01 3.044999999999999929e-01
4.849999999999999867e-01 3.048000000000000154e-01
4.899999999999999911e-01 3.051999999999999713e-01
4.949999999999999956e-01 3.054999999999999938e-01
5.000000000000000000e-01 3.059000000000000052e-01
5.050000000000000044e-01 3.059999999999999942e-01
5.100000000000000089e-01 3.059999999999999942e-01
5.150000000000000133e-01 3.060999999999999832e-01
5.200000000000000178e-01 3.059000000000000052e-01
5.250000000000000222e-01 3.055999999999999828e-01
5.300000000000000266e-01 3.053000000000000158e-01
5.350000000000000311e-01 3.049999999999999933e-01
5.400000000000000355e-01 3.048000000000000154e-01
5.450000000000000400e-01 3.045999999999999819e-01
5.500000000000000444e-01 3.044000000000000039e-01
5.550000000000000488e-01 3.042000000000000259e-01
5.600000000000000533e-01 3.040999999999999814e-01
5.649999999999999467e-01 3.038000000000000145e-01
5.699999999999999512e-01 3.029999999999999916e-01
5.749999999999999556e-01 3.023000000000000131e-01
5.799999999999999600e-01 3.017000000000000237e-01
5.849999999999999645e-01 3.010999999999999788e-01
5.899999999999999689e-01 3.004999999999999893e-01
5.949999999999999734e-01 2.998999999999999999e-01
5.999999999999999778e-01 2.993999999999999995e-01
6.049999999999999822e-01 2.988000000000000100e-01
6.099999999999999867e-01 2.980999999999999761e-01
6.149999999999999911e-01 2.974999999999999867e-01
6.199999999999999956e-01 2.969999999999999862e-01
6.250000000000000000e-01 2.958000000000000074e-01
6.300000000000000044e-01 2.946999999999999620e-01
6.350000000000000089e-01 2.935000000000000386e-01
6.400000000000000133e-01 2.924999999999999822e-01
6.450000000000000178e-01 2.913999999999999924e-01
6.500000000000000222e-01 2.903999999999999915e-01
6.550000000000000266e-01 2.893999999999999906e-01
6.600000000000000311e-01 2.880999999999999672e-01
6.650000000000000355e-01 2.868999999999999884e-01
6.700000000000000400e-01 2.857000000000000095e-01
6.750000000000000444e-01 2.846000000000000196e-01
6.800000000000000488e-01 2.835000000000000298e-01
6.850000000000000533e-01 2.823999999999999844e-01
6.899999999999999467e-01 2.813999999999999835e-01
6.949999999999999512e-01 2.797999999999999932e-01
6.999999999999999556e-01 2.782999999999999918e-01
7.049999999999999600e-01 2.767999999999999905e-01
7.099999999999999645e-01 2.753999999999999782e-01
7.149999999999999689e-01 2.739999999999999658e-01
7.199999999999999734e-01 2.726000000000000090e-01
7.249999999999999778e-01 2.714000000000000301e-01
7.299999999999999822e-01 2.700000000000000178e-01
7.349999999999999867e-01 2.676000000000000045e-01
7.399999999999999911e-01 2.653000000000000358e-01
7.449999999999999956e-01 2.631000000000000005e-01
7.500000000000000000e-01 2.609000000000000208e-01
7.550000000000000044e-01 2.585999999999999965e-01
7.600000000000000089e-01 2.565000000000000058e-01
7.650000000000000133e-01 2.542999999999999705e-01
7.700000000000000178e-01 2.521999999999999797e-01
7.750000000000000222e-01 2.500999999999999890e-01
7.800000000000000266e-01 2.472999999999999921e-01
7.850000000000000311e-01 2.446000000000000119e-01
7.900000000000000355e-01 2.417999999999999872e-01
7.950000000000000400e-01 2.392999999999999849e-01
8.000000000000000444e-01 2.380999999999999783e-01
8.050000000000000488e-01 2.368999999999999995e-01
8.100000000000000533e-01 2.356999999999999929e-01
8.149999999999999467e-01 2.344999999999999862e-01
8.199999999999999512e-01 2.344000000000000250e-01
8.249999999999999556e-01 2.343000000000000083e-01
8.299999999999999600e-01 2.344000000000000250e-01
8.349999999999999645e-01 2.344000000000000250e-01
8.399999999999999689e-01 2.351000000000000034e-01
8.449999999999999734e-01 2.366000000000000048e-01
8.499999999999999778e-01 2.380999999999999783e-01
8.549999999999999822e-01 2.396999999999999964e-01
8.599999999999999867e-01 2.414999999999999925e-01
8.649999999999999911e-01 2.431999999999999995e-01
8.699999999999999956e-01 2.451000000000000123e-01
8.750000000000000000e-01 2.469000000000000083e-01
8.800000000000000044e-01 2.487999999999999934e-01
8.850000000000000089e-01 2.506999999999999784e-01
8.900000000000000133e-01 2.546999999999999820e-01
8.950000000000000178e-01 2.589000000000000190e-01
9.000000000000000222e-01 2.631999999999999895e-01
9.050000000000000266e-01 2.675000000000000155e-01
9.100000000000000311e-01 2.717999999999999861e-01
9.150000000000000355e-01 2.762999999999999901e-01
9.200000000000000400e-01 2.808999999999999830e-01
9.250000000000000444e-01 2.855000000000000315e-01
9.300000000000000488e-01 2.901000000000000245e-01
9.350000000000000533e-01 2.946999999999999620e-01
9.399999999999999467e-01 2.992000000000000215e-01
9.449999999999999512e-01 3.032000000000000250e-01
9.499999999999999556e-01 3.070999999999999841e-01
9.549999999999999600e-01 3.104999999999999982e-01
9.599999999999999645e-01 3.139000000000000123e-01
9.649999999999999689e-01 3.170999999999999930e-01
9.699999999999999734e-01 3.200000000000000067e-01
9.749999999999999778e-01 3.215000000000000080e-01
9.799999999999999822e-01 3.228999999999999648e-01
9.849999999999999867e-01 3.242999999999999772e-01
9.899999999999999911e-01 3.257999999999999785e-01
9.949999999999999956e-01 3.271999999999999909e-01
1.000000000000000000e+00 3.285000000000000142e-01
