     0.100990   0.00419971
     0.102284     0.130900
     0.103033    0.0807470
     0.104735    0.0351052
     0.108442    0.0157592
     0.113205    0.0317444
     0.117224    0.0375143
     0.119992     0.128140
     0.121284      9.52387
     0.123261    0.0374606
     0.127451    0.0363920
     0.132453    0.0527139
     0.137455    0.0485600
     0.142456    0.0548361
     0.147458    0.0824278
     0.152459     0.169284
     0.157460     0.182132
     0.162462     0.330099
     0.167463     0.565941
     0.172464      1.05864
     0.177465      1.80668
     0.180588      2.83434
     0.182328      1.50291
     0.184336      1.85857
     0.186051      2.23567
     0.187796      2.84467
     0.189576      3.26794
     0.191391      3.76276
     0.193236      3.81604
     0.195120      5.09895
     0.197045      5.97991
     0.200500      7.03400
     0.201500      7.17600
     0.202500      7.87500
     0.203500      8.70400
     0.204500      9.46700
     0.205500      9.55600
     0.206500      10.1800
     0.207500      11.4700
     0.208500      14.5600
     0.209500      24.2400
     0.210500      27.5100
     0.211500      33.8600
     0.212500      30.1500
     0.213500      31.8700
     0.214500      40.9600
     0.215500      36.9100
     0.216500      34.1700
     0.217500      36.1100
     0.218500      44.9400
     0.219500      47.6200
     0.220500      48.1300
     0.221500      39.3100
     0.222500      50.6400
     0.223500      65.8500
     0.224500      57.8700
     0.225500      53.9200
     0.226500      40.9800
     0.227500      40.8900
     0.228500      53.9900
     0.229500      47.7900
     0.230500      56.2800
     0.231500      49.9500
     0.232500      54.8600
     0.233500      45.8700
     0.234500      39.3300
     0.235500      56.9400
     0.236500      49.2300
     0.237500      53.2800
     0.238500      41.9200
     0.239500      46.4600
     0.240500      43.0500
     0.241500      52.4800
     0.242500      72.4700
     0.243500      65.4100
     0.244500      62.3900
     0.245500      51.1400
     0.246500      51.5000
     0.247500      57.1400
     0.248500      45.1800
     0.249500      58.4300
     0.250500      59.2300
     0.251500      46.6100
     0.252500      43.9900
     0.253500      55.4800
     0.254500      60.7900
     0.255500      88.5000
     0.256500      106.700
     0.257500      129.400
     0.258500      134.300
     0.259500      107.800
     0.260500      102.000
     0.261500      103.200
     0.262500      120.900
     0.263500      175.400
     0.264500      273.700
     0.265500      280.200
     0.266500      260.500
     0.267500      269.900
     0.268500      260.000
     0.269500      252.400
     0.270500      293.300
     0.271500      232.300
     0.272500      214.700
     0.273500      203.800
     0.274500      137.300
     0.275500      200.200
     0.276500      258.300
     0.277500      240.200
     0.278500      165.900
     0.279500      89.4200
     0.280500      112.400
     0.281500      231.100
     0.282500      306.800
     0.283500      329.500
     0.284500      244.000
     0.285500      141.000
     0.286500      319.900
     0.287500      371.200
     0.288500      306.600
     0.289500      455.600
     0.290500      622.700
     0.291500      600.200
     0.292500      545.200
     0.293500      545.400
     0.294500      509.200
     0.295500      548.400
     0.296500      492.400
     0.297500      531.400
     0.298500      412.700
     0.299500      484.800
     0.300500      402.600
     0.301500      445.400
     0.302500      483.900
     0.303500      630.700
     0.304500      610.400
     0.305500      579.800
     0.306500      575.300
     0.307500      645.000
     0.308500      613.400
     0.309500      483.900
     0.310000      494.600
     0.310400      507.000
     0.310800      588.100
     0.311200      706.900
     0.311600      747.500
     0.312000      707.000
     0.312400      643.900
     0.312800      662.800
     0.313200      710.100
     0.313600      691.300
     0.314000      689.500
     0.314400      721.600
     0.314800      672.600
     0.315200      695.300
     0.315600      765.200
     0.316000      674.700
     0.316400      569.100
     0.316800      622.900
     0.317200      748.600
     0.317600      829.800
     0.318000      812.900
     0.318400      673.200
     0.318800      642.100
     0.319200      767.800
     0.319600      759.400
     0.320000      712.200
     0.320400      778.400
     0.320800      843.700
     0.321200      846.600
     0.321600      736.200
     0.322000      694.700
     0.322400      773.200
     0.322800      758.100
     0.323200      645.700
     0.323600      603.200
     0.324000      604.200
     0.324400      618.500
     0.324800      654.500
     0.325200      646.000
     0.325600      682.000
     0.326000      852.400
     0.326400      1049.00
     0.326800      1111.00
     0.327200      1108.00
     0.327600      1050.00
     0.328000      964.500
     0.328400      914.400
     0.328800      912.600
     0.329200      951.500
     0.329600      1043.00
     0.330000      1144.00
     0.330400      1137.00
     0.330500      1006.00
     0.331500      967.600
     0.332500      920.700
     0.333500      904.700
     0.334500      939.700
     0.335500      981.600
     0.336500      764.900
     0.337500      865.800
     0.338500      915.700
     0.339500      936.700
     0.340500      991.600
     0.341500      935.700
     0.342500      994.600
     0.343500      984.600
     0.344500      719.000
     0.345500      966.600
     0.346500      918.700
     0.347500      901.700
     0.348500      947.700
     0.349500      864.800
     0.350500      1119.00
     0.351500      992.600
     0.352500      870.800
     0.353500      1115.00
     0.354500      1133.00
     0.355500      1058.00
     0.356500      937.700
     0.357500      890.800
     0.358500      627.100
     0.359500      1136.00
     0.360500      978.600
     0.361500      893.700
     0.362500      1175.00
     0.363500      957.700
     0.364500      1015.00
     0.365500      1263.00
     0.366500      1249.00
     0.367500      1214.00
     0.368500      1088.00
     0.369500      1331.00
     0.370500      1075.00
     0.371500      1307.00
     0.372500      1065.00
     0.373500      837.800
     0.374500      877.800
     0.375500      1141.00
     0.376500      1101.00
     0.377500      1291.00
     0.378500      1341.00
     0.379500      999.600
     0.380500      1289.00
     0.381500      1096.00
     0.382500      733.000
     0.383500      684.000
     0.384500      1027.00
     0.385500      953.700
     0.386500      1071.00
     0.387500      965.600
     0.388500      911.700
     0.389500      1227.00
     0.390500      1223.00
     0.391500      1398.00
     0.392500      954.700
     0.393500      489.300
     0.394500      1101.00
     0.395500      1378.00
     0.396500      650.100
     0.397500      1040.00
     0.398500      1538.00
     0.399500      1655.00
     0.400500      1649.00
     0.401500      1796.00
     0.402500      1803.00
     0.403500      1658.00
     0.404500      1602.00
     0.405500      1672.00
     0.406500      1624.00
     0.407500      1545.00
     0.408500      1824.00
     0.409500      1706.00
     0.410500      1502.00
     0.411500      1819.00
     0.412500      1791.00
     0.413500      1758.00
     0.414500      1739.00
     0.415500      1736.00
     0.416500      1844.00
     0.417500      1667.00
     0.418500      1686.00
     0.419500      1703.00
     0.420500      1760.00
     0.421500      1799.00
     0.422500      1584.00
     0.423500      1713.00
     0.424500      1770.00
     0.425500      1697.00
     0.426500      1700.00
     0.427500      1571.00
     0.428500      1589.00
     0.429500      1477.00
     0.430500      1136.00
     0.431500      1688.00
     0.432500      1648.00
     0.433500      1733.00
     0.434500      1672.00
     0.435500      1725.00
     0.436500      1931.00
     0.437500      1808.00
     0.438500      1569.00
     0.439500      1827.00
     0.440500      1715.00
     0.441500      1933.00
     0.442500      1982.00
     0.443500      1911.00
     0.444500      1975.00
     0.445500      1823.00
     0.446500      1893.00
     0.447500      2079.00
     0.448500      1975.00
     0.449500      2029.00
     0.450500      2146.00
     0.451500      2111.00
     0.452500      1943.00
     0.453500      1972.00
     0.454500      1981.00
     0.455500      2036.00
     0.456500      2079.00
     0.457500      2102.00
     0.458500      1973.00
     0.459500      2011.00
     0.460500      2042.00
     0.461500      2057.00
     0.462500      2106.00
     0.463500      2042.00
     0.464500      1978.00
     0.465500      2044.00
     0.466500      1923.00
     0.467500      2017.00
     0.468500      1996.00
     0.469500      1992.00
     0.470500      1879.00
     0.471500      2020.00
     0.472500      2043.00
     0.473500      1993.00
     0.474500      2053.00
     0.475500      2018.00
     0.476500      1958.00
     0.477500      2077.00
     0.478500      2011.00
     0.479500      2078.00
     0.480500      2037.00
     0.481500      2092.00
     0.482500      2025.00
     0.483500      2021.00
     0.484500      1971.00
     0.485500      1832.00
     0.486500      1627.00
     0.487500      1832.00
     0.488500      1916.00
     0.489500      1962.00
     0.490500      2009.00
     0.491500      1898.00
     0.492500      1898.00
     0.493500      1890.00
     0.494500      2060.00
     0.495500      1928.00
     0.496500      2019.00
     0.497500      2020.00
     0.498500      1868.00
     0.499500      1972.00
     0.500500      1859.00
     0.501500      1814.00
     0.502500      1896.00
     0.503500      1936.00
     0.504500      1871.00
     0.505500      1995.00
     0.506500      1963.00
     0.507500      1908.00
     0.508500      1921.00
     0.509500      1918.00
     0.510500      1949.00
     0.511500      1999.00
     0.512500      1869.00
     0.513500      1863.00
     0.514500      1876.00
     0.515500      1902.00
     0.516500      1671.00
     0.517500      1728.00
     0.518500      1656.00
     0.519500      1830.00
     0.520500      1833.00
     0.521500      1908.00
     0.522500      1825.00
     0.523500      1896.00
     0.524500      1960.00
     0.525500      1932.00
     0.526500      1676.00
     0.527500      1830.00
     0.528500      1899.00
     0.529500      1920.00
     0.530500      1954.00
     0.531500      1965.00
     0.532500      1773.00
     0.533500      1925.00
     0.534500      1860.00
     0.535500      1992.00
     0.536500      1873.00
     0.537500      1884.00
     0.538500      1906.00
     0.539500      1834.00
     0.540500      1772.00
     0.541500      1883.00
     0.542500      1827.00
     0.543500      1881.00
     0.544500      1881.00
     0.545500      1903.00
     0.546500      1881.00
     0.547500      1835.00
     0.548500      1865.00
     0.549500      1897.00
     0.550500      1864.00
     0.551500      1873.00
     0.552500      1848.00
     0.553500      1884.00
     0.554500      1900.00
     0.555500      1899.00
     0.556500      1823.00
     0.557500      1848.00
     0.558500      1789.00
     0.559500      1810.00
     0.560500      1845.00
     0.561500      1826.00
     0.562500      1852.00
     0.563500      1863.00
     0.564500      1856.00
     0.565500      1800.00
     0.566500      1831.00
     0.567500      1889.00
     0.568500      1812.00
     0.569500      1862.00
     0.570500      1772.00
     0.571500      1825.00
     0.572500      1894.00
     0.573500      1878.00
     0.574500      1869.00
     0.575500      1832.00
     0.576500      1848.00
     0.577500      1859.00
     0.578500      1786.00
     0.579500      1830.00
     0.580500      1840.00
     0.581500      1855.00
     0.582500      1875.00
     0.583500      1859.00
     0.584500      1862.00
     0.585500      1786.00
     0.586500      1832.00
     0.587500      1850.00
     0.588500      1752.00
     0.589500      1614.00
     0.590500      1815.00
     0.591500      1789.00
     0.592500      1810.00
     0.593500      1798.00
     0.594500      1776.00
     0.595500      1785.00
     0.596500      1807.00
     0.597500      1783.00
     0.598500      1760.00
     0.599500      1777.00
     0.600500      1748.00
     0.601500      1753.00
     0.602500      1721.00
     0.603500      1789.00
     0.604500      1779.00
     0.605500      1766.00
     0.606500      1762.00
     0.607500      1760.00
     0.608500      1745.00
     0.609500      1746.00
     0.610500      1705.00
     0.611500      1748.00
     0.612500      1707.00
     0.613500      1685.00
     0.614500      1715.00
     0.615500      1715.00
     0.616500      1611.00
     0.617500      1709.00
     0.618500      1726.00
     0.619500      1709.00
     0.620500      1736.00
     0.621500      1692.00
     0.622500      1715.00
     0.623500      1668.00
     0.624500      1658.00
     0.625500      1634.00
     0.626500      1699.00
     0.627500      1699.00
     0.628500      1699.00
     0.629500      1679.00
     0.631000      1641.00
     0.633000      1653.00
     0.635000      1658.00
     0.637000      1656.00
     0.639000      1653.00
     0.641000      1616.00
     0.643000      1623.00
     0.645000      1629.00
     0.647000      1605.00
     0.649000      1560.00
     0.651000      1608.00
     0.653000      1601.00
     0.655000      1534.00
     0.657000      1386.00
     0.659000      1551.00
     0.661000      1573.00
     0.663000      1557.00
     0.665000      1562.00
     0.667000      1537.00
     0.669000      1548.00
     0.671000      1518.00
     0.673000      1523.00
     0.675000      1512.00
     0.677000      1510.00
     0.679000      1500.00
     0.681000      1494.00
     0.683000      1481.00
     0.685000      1457.00
     0.687000      1469.00
     0.689000      1463.00
     0.691000      1450.00
     0.693000      1450.00
     0.695000      1438.00
     0.697000      1418.00
     0.699000      1427.00
     0.701000      1388.00
     0.703000      1390.00
     0.705000      1417.00
     0.707000      1402.00
     0.709000      1386.00
     0.711000      1387.00
     0.713000      1375.00
     0.715000      1368.00
     0.717000      1355.00
     0.719000      1329.00
     0.721000      1332.00
     0.723000      1349.00
     0.725000      1351.00
     0.727000      1347.00
     0.729000      1320.00
     0.731000      1327.00
     0.733000      1319.00
     0.735000      1310.00
     0.737000      1308.00
     0.739000      1279.00
     0.741000      1259.00
     0.743000      1287.00
     0.745000      1280.00
     0.747000      1284.00
     0.749000      1271.00
     0.751000      1263.00
     0.753000      1260.00
     0.755000      1256.00
     0.757000      1249.00
     0.759000      1241.00
     0.761000      1238.00
     0.763000      1242.00
     0.765000      1222.00
     0.767000      1186.00
     0.769000      1204.00
     0.771000      1205.00
     0.773000      1209.00
     0.775000      1189.00
     0.777000      1197.00
     0.779000      1188.00
     0.781000      1188.00
     0.783000      1177.00
     0.785000      1181.00
     0.787000      1178.00
     0.789000      1175.00
     0.791000      1159.00
     0.793000      1144.00
     0.795000      1135.00
     0.797000      1153.00
     0.799000      1136.00
     0.801000      1143.00
     0.803000      1130.00
     0.805000      1116.00
     0.807000      1121.00
     0.809000      1096.00
     0.811000      1115.00
     0.813000      1116.00
     0.815000      1108.00
     0.817000      1105.00
     0.819000      1065.00
     0.821000      1081.00
     0.823000      1074.00
     0.825000      1076.00
     0.827000      1077.00
     0.829000      1073.00
     0.831000      1069.00
     0.833000      1034.00
     0.835000      1053.00
     0.837000      1052.00
     0.839000      1042.00
     0.841000      1045.00
     0.843000      1028.00
     0.845000      1033.00
     0.847000      1025.00
     0.849000      970.600
     0.851000      1003.00
     0.853000      972.600
     0.855000      876.800
     0.857000      1011.00
     0.859000      996.600
     0.861000      996.600
     0.863000      998.600
     0.865000      969.600
     0.867000      879.800
     0.869000      966.600
     0.871000      986.100
     0.873000      978.400
     0.875000      981.400
     0.877000      983.500
     0.879000      959.100
     0.881000      960.500
     0.883000      948.400
     0.885000      962.900
     0.887000      947.400
     0.889000      949.000
     0.891000      944.100
     0.893000      933.800
     0.895000      935.500
     0.897000      939.000
     0.899000      911.800
     0.901000      904.800
     0.903000      904.900
     0.905000      892.700
     0.907000      890.600
     0.909000      861.300
     0.911000      870.300
     0.913000      876.300
     0.915000      866.200
     0.917000      859.100
     0.919000      858.000
     0.921000      830.200
     0.923000      821.300
     0.925000      825.300
     0.927000      828.400
     0.929000      832.500
     0.931000      825.800
     0.933000      832.000
     0.935000      817.700
     0.937000      801.600
     0.939000      808.000
     0.941000      800.000
     0.943000      784.200
     0.945000      798.800
     0.947000      793.000
     0.949000      776.800
     0.951000      778.200
     0.953000      771.000
     0.955000      760.000
     0.957000      773.500
     0.959000      770.700
     0.961000      767.100
     0.963000      766.600
     0.965000      764.300
     0.967000      757.400
     0.969000      776.000
     0.971000      762.700
     0.973000      764.200
     0.975000      750.300
     0.977000      767.900
     0.979000      768.200
     0.981000      761.800
     0.983000      766.500
     0.985000      771.300
     0.987000      755.800
     0.989000      766.600
     0.991000      763.600
     0.993000      754.600
     0.995000      756.300
     0.997000      743.000
     0.999000      743.400
      1.00250      745.000
      1.00750      736.800
      1.01250      733.600
      1.01750      720.900
      1.02250      703.500
      1.02750      707.800
      1.03250      688.100
      1.03750      691.600
      1.04250      681.000
      1.04750      684.800
      1.05250      660.700
      1.05750      649.600
      1.06250      641.900
      1.06750      642.900
      1.07250      638.000
      1.07750      630.300
      1.08250      620.500
      1.08750      613.700
      1.09250      611.800
      1.09750      599.000
      1.10250      608.200
      1.10750      601.300
      1.11250      602.500
      1.11750      588.700
      1.12250      578.800
      1.12750      569.000
      1.13250      566.100
      1.13750      563.300
      1.14250      557.400
      1.14750      555.600
      1.15250      544.700
      1.15750      553.900
      1.16250      540.000
      1.16750      530.100
      1.17250      533.300
      1.17750      525.400
      1.18250      514.500
      1.18750      511.700
      1.19250      511.300
      1.19750      501.800
      1.20250      496.300
      1.20750      493.900
      1.21250      489.400
      1.21750      500.100
      1.22250      481.400
      1.22750      480.900
      1.23250      483.500
      1.23750      477.200
      1.24250      477.100
      1.24750      465.500
      1.25250      473.700
      1.25750      463.400
      1.26250      443.800
      1.26750      437.600
      1.27250      438.600
      1.27750      452.900
      1.28250      435.400
      1.28750      437.400
      1.29250      442.500
      1.29750      438.300
      1.30250      438.100
      1.30750      428.600
      1.31250      419.000
      1.31750      415.600
      1.32250      416.400
      1.32750      411.000
      1.33250      404.500
      1.33750      400.100
      1.34250      397.800
      1.34750      394.500
      1.35250      387.000
      1.35750      381.700
      1.36250      378.300
      1.36750      369.900
      1.37250      368.600
      1.37750      368.400
      1.38250      364.000
      1.38750      363.800
      1.39250      358.400
      1.39750      357.200
      1.40250      352.800
      1.40750      349.600
      1.41250      346.300
      1.41750      344.000
      1.42250      342.700
      1.42750      347.500
      1.43250      337.200
      1.43750      330.900
      1.44250      326.600
      1.44750      318.400
      1.45250      323.100
      1.45750      306.900
      1.46250      316.600
      1.46750      311.400
      1.47250      311.200
      1.47750      306.900
      1.48250      302.700
      1.48750      298.500
      1.49250      303.300
      1.49750      300.000
      1.50250      295.800
      1.50750      294.600
      1.51250      290.400
      1.51750      290.200
      1.52250      286.000
      1.52750      289.700
      1.53250      281.600
      1.53750      274.500
      1.54250      275.200
      1.54750      274.000
      1.55250      272.800
      1.55750      271.600
      1.56250      269.500
      1.56750      263.300
      1.57250      260.200
      1.57750      259.000
      1.58250      254.900
      1.58750      251.700
      1.59250      245.600
      1.59750      246.400
      1.60250      247.300
      1.60750      242.400
      1.61250      244.400
      1.61750      243.400
      1.62250      240.400
      1.62750      244.300
      1.63250      241.400
      1.63750      237.500
      1.64250      233.600
      1.64750      234.500
      1.65250      233.500
      1.65750      233.500
      1.66250      232.600
      1.66750      228.600
      1.67250      227.600
      1.67750      219.800
      1.68250      220.800
      1.68750      218.800
      1.69250      218.800
      1.69750      213.900
      1.70250      216.800
      1.70750      211.900
      1.71250      203.100
      1.71750      211.900
      1.72250      205.000
      1.72750      196.200
      1.73250      190.300
      1.73750      189.300
      1.74250      191.300
      1.74750      185.400
      1.75250      187.400
      1.75750      189.300
      1.76250      184.400
      1.76750      182.500
      1.77250      176.600
      1.77750      172.600
      1.78250      170.700
      1.78750      169.700
      1.79250      168.700
      1.79750      172.600
      1.80250      168.700
      1.80750      167.700
      1.81250      159.900
      1.81750      159.900
      1.82250      158.900
      1.82750      155.900
      1.83250      155.900
      1.83750      150.000
      1.84250      153.000
      1.84750      151.000
      1.85250      148.100
      1.85750      145.100
      1.86250      143.200
      1.86750      143.200
      1.87250      135.300
      1.87750      135.300
      1.88250      140.200
      1.88750      138.300
      1.89250      137.300
      1.89750      138.300
      1.90250      133.400
      1.90750      136.300
      1.91250      138.300
      1.91750      136.300
      1.92250      134.300
      1.92750      132.400
      1.93250      132.400
      1.93750      131.400
      1.94250      129.400
      1.94750      127.500
      1.95250      126.500
      1.95750      121.600
      1.96250      125.500
      1.96750      125.500
      1.97250      124.500
      1.97750      129.400
      1.98250      124.500
      1.98750      122.500
      1.99250      120.600
      1.99750      122.500
      2.00250      115.700
      2.00750      109.800
      2.01250      113.700
      2.01750      111.800
      2.02250      112.700
      2.02750      112.700
      2.03250      109.800
      2.03750      106.800
      2.04250      106.800
      2.04750      107.800
      2.05250      103.900
      2.05750      101.900
      2.06250      99.9800
      2.06750      95.0800
      2.07250      98.9900
      2.07750      101.000
      2.08250      97.0300
      2.08750      96.0600
      2.09250      98.0000
      2.09750      91.1400
      2.10250      93.1000
      2.10750      93.1000
      2.11250      87.2300
      2.11750      90.1600
      2.12250      87.2200
      2.12750      87.2200
      2.13250      87.2200
      2.13750      85.2500
      2.14250      90.1500
      2.14750      82.3000
      2.15250      81.3300
      2.15750      79.3700
      2.16250      82.2900
      2.16750      80.3600
      2.17250      82.2900
      2.17750      77.4000
      2.18250      75.4400
      2.18750      67.6100
      2.19250      72.5000
      2.19750      73.4800
      2.20250      82.2800
      2.20750      75.4400
      2.21250      75.4400
      2.21750      72.5000
      2.22250      77.3900
      2.22750      75.4400
      2.23250      75.4300
      2.23750      64.6600
      2.24250      59.7600
      2.24750      71.5200
      2.25250      75.4300
      2.25750      75.4300
      2.26250      70.5300
      2.26750      71.5100
      2.27250      64.6500
      2.27750      63.6600
      2.28250      68.5600
      2.28750      65.6300
      2.29250      65.6300
      2.29750      64.6400
      2.30250      65.6300
      2.30750      62.6800
      2.31250      61.7000
      2.31750      57.7900
      2.32250      52.8900
      2.32750      54.8500
      2.33250      54.8500
      2.33750      58.7600
      2.34250      57.7800
      2.34750      59.7400
      2.35250      60.7100
      2.35750      62.6700
      2.36250      64.6300
      2.36750      60.7100
      2.37250      60.7100
      2.37750      56.8100
      2.38250      54.8400
      2.38750      59.7300
      2.39250      58.7500
      2.39750      57.7800
      2.40250      53.8500
      2.40750      54.8300
      2.41250      55.8200
      2.41750      52.8800
      2.42250      56.8000
      2.42750      53.8500
      2.43250      57.7700
      2.43750      53.8500
      2.44250      50.9200
      2.44750      48.9500
      2.45250      49.9300
      2.45750      50.9200
      2.46250      47.9700
      2.46750      52.8700
      2.47250      47.9700
      2.47750      52.8700
      2.48250      49.9300
      2.48750      46.9900
      2.49250      53.8400
      2.49750      46.0200
      2.50000      48.0330
      2.55000      44.6529
      2.60000      41.5100
      2.70000      36.0544
      2.80000      31.4290
      2.90000      27.5152
      3.00000      24.1351
      3.10000      21.2887
      3.20000      18.8574
      3.30000      16.7819
      3.40000      14.9436
      3.50000      13.4018
      3.60000      12.0379
      3.70000      10.7926
      3.80000      9.72520
      3.90000      8.83570
      4.00000      8.00550
      4.20000      6.62381
      4.40000      5.52676
      4.60000      4.65505
      4.80000      3.94938
      5.00000      3.36824
      5.20000      2.88791
      5.40000      2.49060
      5.60000      2.16445
      5.80000      1.88574
      6.00000      1.64854
      6.50000      1.20379
      7.00000     0.901360
      7.50000     0.684322
      8.00000     0.530142
      8.50000     0.416879
      9.00000     0.332673
      9.50000     0.268036
      10.0000     0.218817
      10.5000     0.180272
      11.0000     0.149436
      11.5000     0.125123
      12.0000     0.105554
      12.5000    0.0895430
      13.0000    0.0766749
      14.0000    0.0569873
      15.0000    0.0432297
      16.0000    0.0334452
      17.0000    0.0262106
      18.0000    0.0208736
      19.0000    0.0167819
      20.0000    0.0136983
      22.0000   0.00936940
      24.0000   0.00661195
      26.0000   0.00480330
      28.0000   0.00357579
      30.0000   0.00271594
      32.0000   0.00209922
      35.0000   0.00147064
      40.0000  0.000859850
      45.0000  0.000539037
      50.0000  0.000354021
      55.0000  0.000241944
      60.0000  0.000171377
      65.0000  0.000124530
      70.0000  9.25080e-05
      75.0000  7.04484e-05
      80.0000  5.44967e-05
      85.0000  4.28146e-05
      90.0000  3.40975e-05
      95.0000  2.75152e-05
      100.000  2.24154e-05
      1000.00      0.00000
